observed agreement:  0.8823529411764706
S:  0.8655462184873949
pi:  0.7725752508361202
kappa:  0.7777777777777777
weigthed kappa:  0.9304703476482618
alpha:  0.8822519739100584
