observed agreement:  0.9411764705882353
S:  0.9362745098039216
pi:  0.9184652278177458
kappa:  0.9186602870813397
weigthed kappa:  0.9688073394495413
alpha:  0.9550045913682277
