observed agreement:  0.9411764705882353
S:  0.9375
pi:  0.9268817204301075
kappa:  0.927038626609442
weigthed kappa:  0.9701230228471002
alpha:  0.9569041336851363
