observed agreement:  0.8823529411764706
S:  0.869281045751634
pi:  0.8068181818181818
kappa:  0.807909604519774
weigthed kappa:  0.9337231968810916
alpha:  0.904296875
