observed agreement:  0.9411764705882353
S:  0.9369747899159664
pi:  0.9242761692650334
kappa:  0.9244444444444444
weigthed kappa:  0.9696969696969697
alpha:  0.9562890276538805
