LAS:  0.6666666666666666
UAS:  0.8333333333333334
