IOB-accuracy:  0.84
precision:  0.6666666666666666
recall:  0.6666666666666666
f-measure:  0.6666666666666666
